2
0
1
1
2
5
5
6
13
3
28
16
25
20
20
28
37
39
40
27
103
40
26
57
68
142
54
0
159
98
182
67
110
77
128
35
24
27
77
54
37
53
56
38
29
39
68
40
96
46
28
15
36
25
0
25
31
45
78
42
36
22
34
26
17
21
51
22
28
19
21
33
37
42
46
29
40
20
66
76
37
65
33
52
35
47
32
28
50
58
47
36
74
80
85
54
68
66
52
56
36
57
44
84
52
39
33
40
33
29
45
41
32
27
21
20
45
36
28
17
39
6
37
50
23
45
8
72
28
22
37
36
31
47
54
59
46
104
32
62
54
58
62
43
95
104
60
71
82
49
86
107
104
131
81
53
50
78
148
143
96
73
150
62
126
96
146
150
49
54
99
106
107
130
140
47
75
89
133
93
121
68
59
25
52
61
68
78
64
85
61
98
70
168
88
88
164
120
108
164
149
295
146
193
152
151
159
268
246
277
164
336
318
527
598
521
816
433
441
552
233
1306
911
1485
1342
849
1282
1162
1579
2075
2026
1850
1654
3529
2644
2255
3416
3138
2380
2218
2959
2797
2932
2951
2998
2899
1630
1982
1976
1746
1410
2419
1642
2436
2272
3340
3041
2679
3086











